2000
-0.246 2.918 1.597
0.493 2.808 1.535
0.340 2.519 1.810
0.913 0.209 -1.126
1.751 2.825 -0.093
1.985 2.573 0.172
1.797 2.723 -0.177
1.541 2.838 0.872
1.885 2.213 -0.076
1.789 2.566 0.715
1.915 2.970 0.308
1.510 2.105 0.843
1.161 2.960 0.091
1.340 2.381 0.825
-2.185 2.160 1.725
-1.222 0.624 -0.138
-1.068 0.440 0.946
-1.668 0.642 0.583
-1.381 0.599 1.015
0.646 1.072 -0.572
0.969 1.831 -0.157
-0.711 1.035 0.273
0.957 1.741 -0.207
-0.764 1.385 -0.450
-0.585 1.448 0.676
0.808 1.695 -0.113
0.060 1.736 -0.313
0.768 1.127 -1.126
1.897 0.084 0.268
-0.051 1.487 2.827
0.864 1.263 2.031
1.207 0.783 1.355
0.285 2.098 0.268
-2.199 0.428 1.274
1.572 2.819 -1.056
0.812 0.696 2.213
-0.364 0.136 2.069
-0.517 0.505 1.255
-0.908 0.759 -0.468
-0.472 0.360 -0.771
1.044 1.016 0.416
1.152 1.731 0.889
2.035 2.524 1.180
2.032 2.056 1.380
1.721 1.656 2.458
1.967 2.000 2.454
1.459 1.999 2.104
0.801 2.648 0.929
0.962 2.377 -0.463
0.017 2.370 -0.573
-0.396 2.623 -0.428
0.998 2.616 -0.491
-0.019 2.536 -0.859
-0.555 2.419 -0.525
-0.776 2.479 -0.033
0.677 2.337 0.997
-0.219 0.447 -1.410
0.930 0.067 -1.434
0.301 0.775 -1.448
2.096 0.997 1.494
-1.510 1.069 -1.024
-1.957 1.667 -1.009
-1.663 2.056 -1.139
1.887 2.329 1.929
-1.705 2.101 -1.204
-1.867 2.772 -1.093
0.475 2.568 0.868
-2.208 1.826 2.201
-2.248 1.026 2.143
-2.224 1.709 -0.233
-2.075 1.700 -0.301
-2.024 2.610 0.689
-2.153 2.863 0.680
-2.083 2.377 0.606
1.294 0.957 -1.450
1.059 0.610 2.812
-1.684 0.494 2.689
-1.437 0.074 2.075
-1.759 0.293 2.536
0.203 1.273 1.040
-0.437 1.490 1.770
-0.926 1.616 1.223
0.145 1.003 1.581
-0.998 1.176 1.441
0.336 1.095 1.504
0.468 1.243 1.238
1.929 0.583 -0.477
1.458 0.259 -0.236
1.947 0.206 -0.441
1.373 0.489 0.406
1.136 0.013 2.081
1.279 0.845 -0.934
1.576 0.219 1.029
-1.133 2.575 2.424
-1.389 2.474 2.718
-1.842 2.296 2.985
-2.248 0.757 1.041
-1.011 1.812 2.131
-1.053 1.293 2.175
-1.725 1.110 2.675
-1.311 2.955 0.097
-1.189 2.686 0.831
-2.142 0.224 0.997
-1.599 2.485 0.761
-1.707 2.684 0.764
-1.033 1.217 2.949
-1.747 2.426 -0.889
-1.620 2.727 -0.234
-0.195 0.447 2.592
0.871 0.139 2.613
-1.576 1.273 -0.820
0.786 0.645 -0.650
-0.433 0.396 -0.638
-0.120 0.981 -0.542
-0.436 0.200 0.982
0.263 0.363 -0.097
2.114 1.438 2.276
-0.408 0.561 -0.687
1.632 1.486 1.858
-0.371 2.393 -1.443
0.655 2.589 -1.370
2.230 1.776 -0.556
2.172 2.713 0.507
2.126 2.365 0.802
-0.317 2.975 1.686
-0.854 2.714 1.406
1.571 2.443 -0.557
1.672 2.492 -0.692
-2.248 0.872 -1.366
1.395 2.896 2.669
1.265 2.224 2.010
1.538 2.882 2.742
1.018 0.712 0.007
-2.099 1.474 1.913
-2.046 1.344 1.963
-1.272 0.742 0.293
-1.195 0.709 -0.050
-1.059 0.108 1.229
-1.985 0.295 1.509
0.101 1.584 -0.876
0.097 1.851 0.313
-0.997 1.586 0.659
0.124 1.474 -0.653
1.033 0.788 2.165
0.997 1.028 -0.048
-0.991 1.426 -1.306
0.791 1.146 -1.268
0.142 1.077 -1.271
-0.023 1.546 2.131
0.286 1.314 2.181
-0.186 1.944 2.600
0.400 1.376 2.861
1.214 0.035 -0.538
0.301 1.921 2.669
0.316 1.882 2.522
-1.311 0.101 -1.320
-1.520 0.816 -1.413
0.222 1.899 2.682
-2.002 0.105 1.601
-1.523 2.534 -0.750
-1.853 1.140 1.251
-1.555 1.782 1.453
-1.044 1.411 1.782
1.580 2.360 -1.234
1.990 2.120 -1.261
-0.908 0.103 2.174
1.868 2.875 -1.156
-2.150 0.410 2.944
0.103 0.912 2.882
0.945 0.534 2.633
-0.441 0.246 2.938
-1.194 2.019 1.921
0.469 0.651 1.773
0.674 0.415 1.475
0.117 0.016 0.305
-0.803 0.237 0.208
0.597 0.597 -0.711
0.682 0.377 -0.364
1.084 1.042 0.125
1.758 1.802 -0.492
1.241 1.462 -0.096
1.978 1.186 0.724
0.969 2.995 2.266
1.805 1.311 2.069
1.628 1.051 2.510
1.562 1.797 2.391
1.774 1.732 2.721
1.963 1.052 2.179
-0.878 2.722 0.043
0.848 2.466 0.187
0.093 2.495 -0.273
0.736 2.504 -0.837
-0.547 2.399 0.989
-0.487 0.594 -1.464
-0.100 2.491 2.793
0.603 2.839 2.550
0.052 2.851 2.029
0.873 2.768 2.027
0.651 2.322 2.208
0.859 2.099 2.027
-1.328 1.759 -1.284
-1.201 1.107 -1.421
-1.993 2.687 -1.336
-1.025 2.485 -1.021
-1.376 2.817 -1.162
-1.630 2.871 -1.073
-1.170 2.584 -1.393
-2.058 2.329 2.944
-2.051 2.137 2.158
-2.219 1.289 0.202
-2.136 2.048 0.046
-2.092 2.189 -0.168
-1.416 0.948 0.430
0.855 2.198 -0.297
1.493 0.839 2.027
1.321 0.116 2.384
-1.271 0.009 2.127
1.614 0.712 -0.474
1.759 0.131 -0.528
1.241 0.395 0.673
1.496 0.296 1.527
-1.312 2.660 2.965
-1.924 2.339 2.992
-1.416 2.974 2.762
-1.743 2.476 2.881
-1.390 1.264 2.942
-2.005 0.333 0.741
-1.281 2.363 0.404
-1.859 2.148 0.378
-1.844 2.445 -0.079
-1.774 2.248 0.077
-0.488 0.388 2.759
-0.481 0.105 2.049
-1.396 1.882 -0.411
-1.579 1.769 -0.752
-1.276 1.274 0.014
-1.274 1.953 -0.475
-1.277 1.085 0.982
-0.597 0.303 1.257
-0.517 0.170 1.713
0.433 0.913 1.715
-0.640 0.472 1.731
-0.511 0.215 1.035
-0.154 0.955 1.279
-0.103 0.290 -0.492
-0.165 0.828 0.869
-0.292 0.599 -0.276
1.087 1.808 1.464
1.235 1.698 1.499
-0.679 2.390 -1.440
0.942 2.151 -1.374
1.008 1.298 1.686
1.642 1.785 1.387
1.570 1.905 1.697
0.304 2.258 -1.394
1.895 1.585 1.386
-0.665 2.791 -1.181
-0.499 2.915 -1.270
2.165 1.415 -0.021
0.609 2.898 1.176
-0.009 2.570 1.639
0.232 2.220 1.257
0.323 2.382 1.602
0.790 2.108 1.163
0.504 2.645 1.558
0.325 2.430 1.572
0.933 2.622 1.839
-0.009 2.789 1.837
-0.656 2.318 1.477
1.545 1.363 -1.261
0.539 0.794 -1.474
0.667 0.086 -1.065
1.329 2.190 -0.667
1.804 2.540 0.892
1.114 2.567 -0.989
2.127 0.200 -0.442
1.883 2.035 -0.644
1.191 2.952 0.719
-2.160 0.358 -1.465
-1.180 0.580 0.800
-1.238 0.212 1.628
1.341 0.029 -1.440
-1.866 0.900 1.690
1.799 0.262 -1.284
1.532 0.479 2.093
-0.161 1.352 0.113
0.297 1.490 0.616
-1.747 0.539 2.328
1.863 0.299 2.174
-0.210 1.947 0.140
-0.909 1.078 0.856
0.753 1.354 0.247
-0.616 1.741 0.752
0.648 1.730 -1.105
-0.294 1.939 -1.014
-0.630 1.474 -1.223
-0.809 1.565 2.124
0.553 1.285 2.448
-0.081 1.058 2.372
1.496 0.521 -0.554
1.770 0.239 0.476
1.030 0.138 1.587
1.695 0.041 1.587
-2.217 0.841 -0.265
-1.287 1.319 1.576
-1.533 1.746 1.497
-1.423 2.272 1.150
-1.356 2.110 1.871
1.352 2.501 -1.233
1.198 2.451 -1.109
-2.048 0.303 2.715
-2.215 0.373 2.206
-1.372 2.062 1.657
-0.991 0.927 1.496
-0.523 0.727 1.763
0.903 0.043 1.932
0.269 0.503 1.526
0.412 0.073 -0.391
-0.283 0.433 0.730
0.816 0.694 0.399
-0.981 0.801 -0.287
-0.349 1.552 -0.333
1.392 1.799 -0.989
1.702 1.468 0.758
1.048 1.767 -0.944
1.912 1.473 0.542
1.314 1.895 0.842
1.727 1.420 0.971
1.724 1.302 0.502
2.047 1.564 1.777
1.571 1.029 2.636
2.149 2.467 -1.336
0.083 2.279 0.449
-0.754 2.966 0.908
-0.488 2.845 0.558
-0.047 2.098 0.673
0.666 2.240 0.550
0.609 2.825 2.375
0.540 2.633 0.584
0.392 2.007 0.081
-0.177 0.748 -1.335
-0.338 2.062 2.847
-0.803 2.186 2.684
1.109 2.289 -0.568
1.189 2.797 1.412
1.372 2.561 1.259
1.053 2.925 1.373
1.314 2.654 1.809
1.701 2.977 1.357
-2.190 1.491 2.249
-2.041 1.777 2.414
-1.146 0.062 0.929
-1.014 0.209 0.581
0.059 1.694 -0.646
1.646 0.558 2.233
1.202 0.422 2.962
-1.005 0.437 2.207
-0.135 1.620 1.286
-0.999 1.038 1.357
0.961 1.203 1.792
0.529 1.032 1.913
0.380 1.575 1.043
-0.871 1.985 1.793
1.438 0.504 0.549
1.392 0.097 -0.627
1.369 0.097 0.709
1.317 0.900 0.800
-1.100 2.364 2.014
-1.852 2.616 2.933
-1.885 1.049 2.193
-1.828 1.870 2.399
-1.836 1.617 2.498
-1.520 2.628 0.332
-1.715 2.638 -0.095
-1.236 2.925 0.322
-1.562 2.322 0.056
-1.078 2.341 0.542
-1.024 2.895 0.881
0.060 0.579 2.305
0.610 0.211 2.191
-1.709 1.256 0.187
-1.232 1.124 -0.769
0.787 0.021 2.900
0.233 0.529 1.579
0.160 0.154 1.077
0.549 0.837 0.354
-0.223 0.344 -0.066
0.439 0.785 -0.480
2.199 1.235 2.106
2.084 1.010 2.140
1.148 1.819 1.043
-0.201 2.029 -1.439
0.342 2.121 -1.068
-0.328 2.401 -1.183
-0.319 2.196 -1.380
2.086 1.575 0.776
2.154 2.225 0.372
0.313 0.062 2.273
-0.986 2.778 1.608
1.473 1.064 -1.322
2.000 0.481 -0.023
0.090 2.258 1.446
1.042 2.109 2.534
1.004 2.387 2.011
1.178 2.690 2.143
2.141 0.579 2.511
1.029 2.500 2.168
1.703 2.836 2.521
1.225 2.021 2.552
1.103 2.304 2.677
-1.645 0.637 0.130
1.418 0.289 -1.390
-1.283 0.842 1.282
0.487 1.728 0.810
-0.710 1.007 0.590
-0.884 1.376 -0.500
-0.857 1.915 0.828
-0.364 1.471 -0.882
-0.177 1.020 -0.775
-1.065 0.755 2.576
-0.923 1.039 0.723
-0.592 1.068 -0.895
-0.307 1.057 -1.324
-1.199 0.928 2.699
-0.504 1.267 2.861
-0.926 1.535 2.937
0.961 1.715 2.150
0.401 1.296 2.307
-0.210 1.943 2.148
-0.542 1.328 2.360
-0.946 1.119 2.723
-1.984 0.616 -1.059
-1.829 0.217 -1.322
-1.244 0.420 -1.245
1.460 0.898 1.568
-1.327 1.922 1.309
1.829 2.222 -1.478
0.877 0.238 2.014
-1.915 1.142 -0.625
0.499 0.643 1.629
0.665 0.220 1.974
-0.647 0.287 0.836
-0.066 0.634 0.649
0.391 0.977 -0.980
0.080 0.926 0.833
1.743 1.947 -0.510
1.246 1.964 -0.223
1.609 1.297 -0.971
1.252 1.012 -0.444
1.234 1.423 0.333
2.197 2.737 -1.067
-0.275 2.748 -0.408
0.526 2.405 -0.427
0.498 2.524 0.355
0.971 2.923 -0.513
-0.090 2.399 -0.801
-0.798 2.580 0.351
-0.286 2.954 -0.094
0.049 2.467 0.069
0.566 2.876 2.875
0.313 2.434 2.840
-0.826 2.886 2.970
-0.681 2.373 2.559
0.984 2.069 2.181
0.168 2.664 2.295
0.668 2.012 2.266
-0.954 2.136 2.849
-1.323 1.167 -1.063
2.132 0.480 1.675
2.053 0.460 -0.258
2.032 0.582 0.923
-1.503 2.510 -1.004
-1.629 2.191 -1.476
-2.077 2.517 2.410
-2.201 2.055 -0.309
-2.007 2.896 0.176
-2.055 2.773 -0.174
-1.125 0.940 0.686
-1.695 0.379 -0.463
-1.490 0.927 1.124
-1.415 0.268 1.024
-1.186 0.959 2.631
-1.605 0.118 2.415
-1.390 0.233 2.709
-0.432 1.224 1.544
1.585 0.789 -0.775
1.130 0.551 0.988
-1.290 0.972 -1.013
1.628 0.747 1.639
-1.501 2.531 2.301
-1.144 2.005 2.338
-2.161 0.351 1.745
-1.020 1.513 2.546
-1.960 2.901 -0.497
-1.712 2.127 0.373
-1.107 2.688 -0.062
0.405 0.324 2.834
-0.243 0.995 2.748
-1.117 1.106 0.758
-1.164 1.111 -0.943
-2.120 0.297 2.766
-1.405 1.646 0.520
-0.372 0.914 2.570
0.796 0.153 1.151
-0.274 0.890 1.607
-0.852 0.849 0.842
0.037 0.496 -0.126
0.398 0.752 -0.129
0.074 0.433 0.346
1.794 1.183 1.245
-0.704 2.433 -1.202
0.935 2.675 -1.475
2.226 2.699 2.736
2.001 2.104 2.395
2.109 1.517 0.706
2.015 1.435 -0.016
2.152 2.422 -0.219
2.199 2.489 -0.601
0.768 2.446 1.473
-0.370 2.236 1.853
1.847 1.722 -1.227
1.777 1.468 -1.224
-0.759 2.394 1.070
0.218 2.651 1.846
-0.021 2.141 1.739
-0.829 2.828 1.859
0.421 2.078 1.441
-0.211 2.450 1.070
0.641 1.461 2.578
0.882 2.902 -0.844
-0.746 0.638 -1.221
-0.891 2.432 0.537
2.192 0.223 1.838
1.943 2.717 0.643
1.264 2.514 0.858
1.822 2.401 0.687
1.918 2.369 0.921
1.797 2.552 0.718
-2.205 1.877 1.255
-2.053 1.399 1.084
-1.352 0.539 -0.717
-1.012 0.861 0.639
0.125 2.549 -0.534
-1.904 0.277 1.750
-1.016 0.285 1.717
1.430 0.644 -1.081
0.189 1.426 0.636
1.529 0.903 2.625
-0.681 1.058 -0.463
1.298 0.542 2.324
0.243 1.785 0.835
-0.498 1.684 0.090
1.026 0.874 2.004
-0.288 1.021 0.548
-0.937 1.670 -1.038
0.066 1.800 2.454
0.941 1.345 2.094
-0.407 1.061 2.529
-0.246 1.647 2.996
1.271 0.270 0.542
1.599 0.304 0.011
-0.189 1.588 2.042
1.711 0.422 1.570
1.623 0.282 1.715
1.131 0.802 -0.996
1.955 0.807 1.025
-1.860 1.809 1.991
-1.750 2.031 1.705
-1.709 2.483 1.393
1.408 2.859 -1.144
0.270 0.896 1.077
0.194 0.692 1.994
0.062 0.242 -0.149
0.575 0.079 0.802
0.521 0.044 -0.900
1.958 1.655 0.353
1.130 1.162 -0.878
2.030 2.918 1.260
2.056 2.233 1.716
1.899 1.634 2.570
1.634 1.132 2.479
-0.836 1.341 0.466
2.047 2.150 -1.305
2.021 1.776 -1.451
0.592 2.482 0.652
-0.682 2.940 -0.202
-0.024 2.577 0.385
-0.641 2.665 0.359
0.697 2.343 0.855
0.946 2.728 0.971
-0.573 2.526 2.879
-0.638 2.690 2.080
-1.862 1.313 -1.018
0.367 1.172 -0.263
1.614 2.189 -0.802
2.133 0.040 -0.255
1.551 2.553 1.387
1.663 2.071 1.209
-1.157 2.337 -1.239
-2.166 2.281 0.353
-2.196 2.551 -0.313
-1.715 0.723 0.854
-1.765 0.106 0.588
-1.481 0.997 1.851
-1.169 0.562 1.538
1.585 0.947 2.972
1.525 0.724 2.547
-1.426 0.424 2.303
0.876 1.442 1.985
-0.617 1.858 1.799
-0.745 1.286 1.027
-0.114 1.950 1.930
0.819 1.982 1.157
0.554 1.900 1.465
-0.779 1.997 1.047
1.086 0.099 0.479
1.520 0.238 0.958
1.188 0.821 0.860
-1.053 2.040 2.680
-1.659 2.336 2.366
-1.108 2.949 0.074
-1.067 2.064 0.357
-1.010 2.676 0.617
-1.330 2.865 0.446
2.165 0.091 -1.419
-1.635 2.616 0.935
-1.606 2.460 0.763
-0.639 0.765 2.014
-1.824 1.445 0.216
-1.577 1.227 0.382
-1.889 1.306 0.309
-0.228 0.826 1.792
-0.660 0.015 0.280
-0.733 0.218 0.882
-0.230 0.444 0.306
0.504 0.138 0.105
0.384 0.818 0.341
0.309 0.377 -0.974
-0.705 0.170 -0.604
1.210 1.604 1.006
-0.966 2.014 -1.266
0.690 2.631 -1.259
2.138 2.891 0.078
-0.761 2.772 1.916
0.371 1.925 2.256
-0.160 0.963 -1.232
2.163 0.933 1.497
1.030 2.852 -0.217
1.333 2.154 -0.871
1.342 2.059 2.434
1.168 2.508 2.504
1.885 2.041 2.928
1.196 2.609 2.332
-2.203 1.132 -0.867
-2.132 1.493 1.642
-1.482 0.093 0.573
-1.178 0.579 0.239
-1.847 0.643 0.882
1.423 0.528 2.523
1.887 0.471 2.715
1.822 0.443 2.196
0.409 1.927 -0.638
0.751 1.896 -0.309
1.251 0.290 2.186
1.501 0.936 2.465
0.878 1.666 0.302
-0.764 1.683 2.943
0.301 1.256 2.388
-0.931 1.964 2.236
0.845 1.822 2.803
-0.999 1.567 2.145
1.438 0.724 -0.357
1.901 0.157 1.509
1.291 0.910 1.065
-1.786 0.630 -1.181
1.160 0.023 1.763
-1.918 0.114 -1.085
1.691 0.362 1.939
-2.249 0.708 -0.498
-1.276 1.195 1.639
-1.973 1.209 1.835
1.461 2.715 -1.092
-1.485 2.082 1.753
-0.092 0.408 2.187
0.830 0.641 2.073
-1.632 2.852 1.974
-0.938 0.738 2.160
-0.850 0.884 1.253
-0.309 0.443 1.018
0.016 0.649 1.325
-0.092 0.743 0.254
-0.653 0.272 -0.412
0.384 0.758 0.646
0.549 0.193 0.100
0.546 0.522 0.606
1.258 1.757 -0.978
1.540 1.676 0.356
1.606 1.431 -0.330
1.688 1.446 -0.432
1.470 1.614 -0.710
1.030 1.469 -0.368
1.568 1.844 -0.155
1.143 1.092 2.311
1.972 1.727 2.259
1.339 1.677 2.924
1.025 1.551 2.245
2.150 2.677 -1.371
0.167 2.864 -0.494
-0.935 2.444 -0.763
-0.252 2.946 0.234
-0.726 2.977 0.273
0.955 2.303 -0.340
-0.337 2.044 -0.193
-0.108 2.967 0.039
-0.185 2.516 0.137
0.297 2.796 -0.102
-0.837 2.192 -0.895
0.370 2.952 2.832
-0.062 2.081 2.765
0.063 2.810 2.736
0.898 2.349 2.927
0.674 2.308 2.423
-0.383 2.870 2.407
0.831 2.597 2.162
2.192 0.836 1.597
-1.300 1.003 -1.085
-1.275 1.157 -1.406
-1.995 1.172 -1.248
2.119 0.498 2.157
-1.056 0.443 -0.965
-1.868 0.924 0.715
1.419 0.047 -1.293
-1.468 0.382 1.599
1.223 0.396 2.277
0.428 1.952 1.845
-0.947 1.932 1.694
1.221 0.104 0.417
1.355 0.978 -0.604
1.503 0.832 0.797
1.264 0.677 1.513
1.916 0.690 1.545
1.556 0.836 1.692
-1.836 1.033 0.234
-1.496 2.978 2.296
-1.122 2.522 2.796
-1.572 2.496 2.617
-1.128 2.567 2.430
-1.752 2.039 2.835
-1.450 2.775 0.405
-1.200 2.650 0.898
-1.500 2.015 0.374
-1.321 2.016 0.380
-1.203 1.048 0.216
-1.582 1.905 0.125
-1.386 1.702 -0.935
-1.782 1.670 -0.031
-1.814 1.038 -0.954
-0.775 0.718 1.777
-1.624 1.092 0.722
-1.816 1.811 0.739
-1.499 1.176 0.756
-0.335 0.426 1.976
-0.789 0.549 0.312
-0.887 0.693 -0.973
0.979 0.353 -0.671
0.896 0.933 -0.304
-0.663 0.650 -0.770
2.043 1.653 2.254
1.217 1.882 1.875
1.209 1.643 1.183
0.763 2.863 -1.335
0.075 2.587 -1.121
0.767 2.174 1.336
0.390 2.262 1.225
1.419 1.392 -1.331
0.880 2.699 1.530
0.017 2.383 1.365
-0.218 2.214 1.115
-0.373 2.636 1.143
0.322 2.316 -0.841
0.447 2.952 -0.535
1.353 2.569 0.735
0.984 0.340 -1.001
-0.275 0.397 -1.302
0.829 0.904 -1.028
2.076 0.065 1.390
1.708 2.315 -0.302
1.301 2.350 -0.747
2.129 0.924 -0.068
2.239 0.109 -0.579
-2.124 1.488 1.498
-1.511 0.045 1.860
-1.171 0.146 1.585
-1.905 0.089 1.777
-0.956 1.958 -0.790
1.187 0.855 2.410
0.812 1.746 -0.304
1.816 0.922 2.475
-0.280 1.040 -0.393
-0.767 1.250 -0.286
-0.942 1.523 -1.105
-0.197 1.323 -1.391
-0.514 1.035 2.342
1.793 0.681 0.840
0.517 1.374 2.913
1.597 0.129 0.148
-0.808 1.101 2.135
-1.297 2.943 -0.647
-0.642 0.991 2.606
0.361 0.323 2.287
-0.850 0.802 2.307
-0.126 0.363 1.964
0.043 0.123 1.169
0.873 0.601 1.987
0.043 0.577 -0.909
-0.122 0.142 -0.905
1.278 1.069 0.848
1.027 1.351 0.706
1.617 1.601 -0.277
0.820 2.991 2.890
2.231 2.442 -1.245
-0.682 2.372 -0.279
-0.249 2.397 0.034
0.558 2.693 0.862
0.087 2.420 -0.110
-0.370 2.416 0.660
0.228 2.381 0.616
-0.578 2.443 0.261
0.620 2.536 -0.061
-0.028 2.935 -0.081
0.713 0.012 -1.161
-0.306 2.593 2.357
-1.758 1.783 -1.197
0.172 1.141 0.400
2.242 0.138 0.486
1.160 2.347 1.483
-1.741 2.792 -1.278
1.511 2.839 1.802
1.416 2.087 1.847
1.077 2.535 1.642
1.397 2.239 1.093
2.078 0.353 2.527
-0.182 2.613 0.296
-1.421 0.309 -0.587
-1.410 0.570 1.611
1.311 0.400 -1.032
1.875 0.247 2.782
0.973 1.979 1.782
0.560 1.662 1.467
0.077 1.790 1.201
0.418 1.143 1.629
-0.228 1.075 1.671
-0.823 1.449 1.970
-0.450 1.665 1.040
1.436 0.422 -0.576
1.530 0.954 0.099
1.064 0.462 -0.545
-1.114 0.932 -1.046
1.526 0.404 1.607
1.582 0.887 1.274
-2.231 2.430 -1.462
-1.978 1.531 0.676
-1.958 2.029 2.272
-1.744 2.519 2.068
-1.140 2.157 2.663
-1.064 1.250 2.833
-1.930 2.575 -0.533
-1.671 2.930 0.988
-1.694 2.633 0.882
-1.247 2.417 -0.798
-1.818 2.807 0.106
0.074 0.809 2.524
-1.849 1.602 -0.030
-1.278 1.649 0.973
-1.986 1.959 0.423
-2.187 0.748 2.466
-0.199 0.575 1.321
0.564 0.384 1.332
-0.050 0.969 0.318
-0.475 0.181 0.574
-0.567 0.431 0.776
-0.121 0.414 -0.565
0.832 0.304 -0.835
-0.435 0.365 0.295
0.465 0.834 -0.845
1.347 1.724 1.200
1.345 1.414 1.199
-0.955 2.339 -1.464
2.086 1.377 -0.122
2.167 1.586 0.578
2.108 2.207 0.958
2.138 2.083 0.144
2.075 2.253 0.409
-0.270 2.200 1.029
1.061 1.490 -1.156
1.118 1.958 -1.489
-0.121 0.360 -1.473
1.334 2.092 0.006
2.137 0.325 -0.884
1.469 2.556 2.294
1.622 2.831 2.935
1.121 2.127 2.160
1.279 2.255 2.332
1.181 2.356 2.183
1.021 2.897 2.878
-1.576 0.332 0.645
-1.025 0.694 0.429
-1.123 0.997 1.285
-1.468 0.944 1.852
-1.896 0.823 1.274
-0.257 1.750 -0.229
1.841 0.415 2.913
0.939 1.959 0.878
0.231 1.327 0.799
-0.743 1.770 -0.547
0.780 1.267 -0.317
-0.446 1.627 -0.554
0.906 1.891 -0.667
-0.288 1.201 -0.018
-0.514 1.325 -1.438
0.297 1.601 -1.235
-0.431 1.959 -1.499
-0.665 1.812 -1.402
-0.515 1.973 -1.031
0.052 1.058 2.768
0.779 1.987 2.888
0.487 1.761 2.167
-0.220 1.962 -1.109
-0.677 1.169 -1.189
0.084 1.030 2.490
-0.185 1.684 2.907
0.543 1.173 2.859
1.841 0.799 1.877
-1.226 0.637 -1.107
-0.843 2.910 0.185
0.179 2.049 0.954
-2.182 0.297 1.833
-2.177 0.808 1.487
-2.105 0.305 0.550
-2.077 0.770 -0.666
-1.105 1.841 1.788
-1.346 2.296 1.728
-1.587 2.981 1.016
0.549 0.463 2.620
-0.739 0.410 2.037
-0.158 0.416 2.475
0.145 0.145 2.621
-0.336 0.251 2.809
-1.982 2.606 1.288
-1.603 2.726 1.769
-0.555 0.221 1.224
0.922 0.736 1.935
-0.552 0.387 -0.085
-0.675 0.157 -0.436
1.664 1.502 0.267
1.759 1.420 0.237
1.519 1.355 -0.087
-0.950 2.338 -0.298
-0.400 2.653 -0.262
0.552 2.630 -0.080
-0.461 2.482 -0.920
0.638 2.053 -0.805
0.100 2.133 0.311
0.661 2.157 -0.381
-0.138 2.120 -0.673
0.200 2.495 -0.032
-0.050 2.480 2.097
0.612 2.314 2.343
0.595 2.666 2.754
-0.314 2.518 2.844
0.568 2.255 2.977
0.404 2.064 2.841
-0.635 2.452 2.240
2.124 0.616 1.708
-0.948 2.898 2.428
-1.995 1.947 -1.127
2.090 0.245 -0.930
-1.649 2.257 -1.070
-2.070 0.634 -1.086
-2.223 2.292 2.371
-2.000 2.163 2.772
-2.249 1.176 -0.251
-2.226 2.481 -0.001
-2.021 2.162 -0.815
-1.489 0.496 1.973
1.260 0.882 2.555
1.024 0.664 2.875
1.198 0.700 2.446
1.144 0.098 2.458
0.851 1.219 1.156
-0.748 1.615 1.633
0.830 1.974 1.138
1.126 0.389 0.452
-1.203 0.691 -1.040
-1.258 0.706 -1.368
-2.031 1.079 -1.229
-1.884 2.410 2.953
-1.794 2.804 2.155
-1.658 2.404 2.775
-1.517 2.214 2.068
-2.189 0.078 -0.939
-1.315 2.128 -0.668
-1.170 2.659 -0.598
-1.435 2.275 0.064
-1.769 1.802 -0.134
-1.939 1.692 -0.511
-1.159 1.292 -0.113
-1.389 1.903 0.045
-1.181 1.548 0.934
-0.167 0.567 1.253
-1.179 1.056 -0.357
2.246 1.519 2.366
2.104 1.832 2.633
1.164 1.492 1.391
2.224 2.003 2.728
2.082 1.318 0.197
2.051 1.268 0.155
2.182 1.513 -0.693
2.042 1.303 0.570
0.113 1.593 -0.203
2.008 2.023 -0.726
-0.948 2.705 1.792
-0.054 2.759 1.288
1.992 1.432 -1.374
-0.142 2.583 1.161
0.036 2.284 1.279
0.832 2.361 1.467
0.539 2.347 -0.655
-0.827 2.766 -0.633
1.473 2.969 0.168
1.151 2.061 0.731
1.148 2.527 -0.461
2.130 0.380 0.998
-2.195 2.809 1.604
-2.169 2.620 1.055
-2.208 2.508 1.367
-2.133 1.078 1.299
-1.862 0.953 0.683
-1.974 0.915 -0.253
-1.124 0.643 -0.454
-1.806 0.442 1.225
0.038 1.094 0.008
-0.777 1.876 0.454
-0.501 1.875 0.024
-1.490 0.751 2.555
-1.910 0.385 2.497
1.366 0.673 2.933
0.895 1.887 0.019
-0.966 1.502 0.442
-0.613 1.046 -0.376
-0.335 1.519 -1.122
-0.458 1.918 -1.271
-0.024 1.445 -1.017
-0.894 1.780 2.879
0.896 1.634 2.638
2.076 0.448 -1.100
1.855 2.892 -1.110
1.229 2.190 -1.262
-0.559 0.646 2.593
-1.713 2.853 1.128
1.442 2.428 -1.182
0.536 0.914 1.938
-0.801 0.646 1.281
0.900 0.373 1.489
-0.684 0.504 1.940
0.104 0.654 -0.983
-0.256 0.424 -0.603
0.247 0.457 0.835
-0.955 0.190 -0.120
0.440 0.856 -0.519
1.512 1.141 0.317
1.555 1.625 0.054
1.261 1.227 0.380
1.439 1.141 0.918
-1.631 2.212 1.398
2.178 1.013 1.871
1.395 1.711 2.969
2.135 1.681 -1.372
-0.150 2.113 0.168
0.840 2.132 0.895
0.706 2.111 0.531
-0.344 2.792 0.329
0.870 2.541 0.214
0.904 2.858 -0.332
0.260 2.049 0.865
0.118 2.970 -0.275
-0.939 2.177 0.961
-0.168 2.185 0.569
-0.416 2.829 2.978
-0.750 2.272 2.732
1.328 2.780 -0.795
1.228 2.676 1.790
1.530 2.812 1.411
1.661 2.388 1.030
-1.430 2.427 -1.095
1.161 2.526 1.519
-1.110 2.188 -1.260
1.231 2.031 1.823
-2.108 2.594 0.653
-2.021 2.101 0.041
-1.908 0.734 -0.288
-1.291 0.183 0.562
-1.035 0.043 1.064
-1.343 0.945 1.055
-1.642 0.698 2.068
-1.320 0.480 2.606
-1.884 0.831 2.121
0.899 1.823 1.536
0.002 1.341 1.201
-0.529 1.212 1.267
-0.190 1.417 1.300
1.781 0.186 -0.605
1.534 0.871 -0.653
1.104 0.139 0.768
-2.212 2.850 -1.379
-2.184 0.763 1.327
-2.220 0.703 0.595
-1.368 1.101 2.084
-1.799 2.104 -0.467
-1.553 2.891 -0.453
-1.279 2.547 -0.297
-1.981 2.830 -0.543
-1.644 2.120 -0.283
-1.872 2.935 -0.537
-1.386 2.376 -0.119
0.564 0.824 2.063
0.170 0.038 2.824
-1.693 1.172 0.320
-1.365 1.383 -0.916
-1.852 1.040 0.587
-0.635 0.680 1.704
-0.428 0.761 0.717
0.538 0.117 -0.645
-0.916 0.739 0.199
2.144 1.860 2.901
0.400 2.588 -1.467
2.212 2.331 0.690
-0.443 2.014 1.490
-0.957 2.470 1.398
1.249 1.916 -1.184
-0.415 2.474 1.620
0.036 0.242 -1.421
1.067 2.003 -0.137
1.411 2.852 -0.480
1.757 2.911 -0.183
1.017 2.254 -0.978
1.909 2.289 -0.985
1.287 2.172 2.077
1.405 2.467 2.588
1.235 2.399 2.522
1.130 2.058 2.340
1.164 2.395 2.502
1.695 2.315 2.294
-0.232 1.584 2.149
-2.027 2.393 -0.706
-1.957 0.501 -0.488
-1.133 0.335 1.931
-1.907 0.442 1.923
1.622 0.746 -1.058
-0.610 1.968 -0.784
-0.873 1.143 -0.956
0.782 1.777 0.953
-0.617 1.713 0.630
1.162 0.818 2.964
-0.307 1.238 -0.401
-0.630 1.952 -0.479
-0.372 1.056 -1.105
-0.244 1.832 -1.263
-0.915 1.569 -1.436
0.278 1.724 -1.372
0.465 1.400 -1.021
0.133 1.004 2.297
0.568 1.660 2.067
0.056 1.389 2.818
0.947 1.211 2.192
0.282 1.098 2.373
0.545 1.225 2.240
1.924 0.255 1.741
1.169 0.200 1.736
1.542 0.193 1.570
-1.186 0.189 -1.420
-1.600 0.310 -1.245
-1.404 2.475 1.627
1.613 2.505 -1.499
-1.756 2.589 1.812
-1.595 2.195 1.876
1.858 2.604 -1.105
-1.207 2.378 1.506
-1.453 2.687 1.538
-0.671 0.135 1.295
-0.365 0.741 1.242
0.096 0.241 1.500
-0.191 0.172 1.138
0.857 0.905 0.225
-0.500 0.785 0.523
0.333 0.440 -0.318
-0.329 0.746 0.962
-0.041 0.235 0.599
0.823 0.214 -0.180
1.231 1.815 -0.088
1.315 1.075 0.012
1.624 1.591 0.245
1.806 1.240 -0.446
2.039 1.307 1.256
1.124 1.397 2.058
0.436 1.282 0.670
-0.444 2.569 -0.891
-0.969 2.082 0.136
-0.655 2.154 -0.855
0.489 2.618 0.442
-0.325 2.146 -0.313
1.940 2.274 0.864
-0.520 2.359 0.347
-0.986 2.857 2.957
0.771 2.651 -0.438
-0.555 0.220 -1.413
0.433 2.291 2.528
0.543 2.899 2.333
0.102 2.336 2.765
1.690 2.794 -0.753
2.035 0.148 0.119
2.072 0.616 -0.885
2.153 0.536 2.392
-2.171 1.024 2.400
-2.224 1.642 0.317
-2.074 1.224 -0.420
-2.051 1.771 0.709
-2.018 1.530 -0.445
-2.004 2.701 -0.018
-1.372 0.727 0.056
-1.385 0.944 0.340
-1.018 0.581 0.984
-1.474 0.245 0.657
1.892 0.369 -1.230
0.087 1.697 1.828
0.101 1.688 1.864
-0.221 1.338 1.481
1.518 0.644 1.645
-1.871 0.043 2.172
-2.008 2.294 -1.080
-1.818 2.428 2.232
-1.466 1.122 2.151
-2.013 0.057 0.322
-0.393 0.624 2.714
-1.076 1.463 0.325
-2.215 0.977 2.727
-1.916 1.992 -0.807
-0.193 0.022 1.682
0.970 0.660 1.873
0.804 0.559 1.024
-0.996 0.351 -0.649
0.651 0.565 0.967
1.573 1.980 1.522
1.782 1.429 1.832
0.309 2.946 -1.222
-0.364 2.724 -1.470
1.493 1.222 1.298
2.065 1.070 -0.818
-0.345 2.120 1.436
0.765 2.642 1.847
0.472 2.969 1.899
1.002 1.476 -1.273
1.682 1.360 -1.069
0.923 2.484 1.675
-0.335 2.987 1.547
-0.331 2.912 1.898
-0.175 2.408 -0.540
0.109 0.375 -1.411
1.454 2.845 0.933
1.665 2.824 0.905
2.128 0.575 0.886
-2.071 2.228 1.877
-2.058 1.050 1.680
-2.022 1.545 1.995
-1.925 0.459 0.490
-1.768 0.491 0.163
-0.390 1.615 0.000
-0.005 1.836 -0.270
1.178 0.810 2.055
-0.186 1.117 -0.677
0.105 1.371 0.661
0.631 1.175 0.345
1.624 0.335 2.484
-0.839 1.106 0.161
1.282 0.661 2.864
-0.962 1.248 0.682
-0.289 1.158 2.342
1.115 0.227 1.805
-1.565 0.708 -1.323
1.016 0.685 1.076
-0.130 0.672 1.401
-2.015 0.407 -0.260
-2.027 0.699 -0.774
-1.033 1.770 1.709
-1.709 2.178 1.405
1.931 2.774 -1.160
0.007 0.274 2.730
-0.184 0.811 2.457
-1.508 1.071 -0.781
-2.041 0.971 2.957
-0.344 0.593 2.330
0.339 0.647 1.071
0.190 0.249 1.907
0.756 0.021 1.746
-0.897 0.541 1.244
-0.685 0.586 0.517
0.033 0.716 0.827
-0.510 0.176 -0.126
1.656 1.371 0.779
1.315 1.735 0.269
1.401 1.050 0.949
1.465 1.793 0.211
1.682 1.034 0.437
2.237 2.043 1.828
2.142 2.197 1.199
1.676 1.801 2.277
2.042 1.671 -1.013
-0.562 2.018 0.005
0.925 2.951 -0.778
-0.525 2.464 0.464
0.380 2.936 0.083
0.879 2.518 0.743
0.541 2.971 0.476
-0.489 2.364 -0.305
-0.843 2.663 -0.999
-0.045 2.073 0.309
-0.238 0.822 -1.035
-0.316 2.048 2.385
-0.808 2.102 2.196
-0.862 2.289 2.956
-0.806 2.520 2.708
-1.039 1.261 -1.326
2.014 0.418 1.803
1.380 2.961 1.304
1.591 2.796 1.001
1.313 2.395 1.252
1.101 2.815 1.645
1.481 2.440 1.749
1.257 2.958 1.705
-1.777 2.709 1.093
1.337 2.787 1.845
1.275 2.894 1.378
-2.196 1.800 -0.935
-2.153 2.200 -0.781
-1.315 0.743 -0.986
-1.466 0.655 0.113
-1.779 0.463 0.286
-1.663 0.524 0.743
-1.291 0.747 -0.092
-1.665 0.740 1.525
1.258 0.827 -1.428
1.844 0.585 -1.191
1.078 0.348 -1.417
1.496 0.822 2.063
1.666 0.660 2.578
1.225 0.357 2.532
0.081 1.509 1.206
0.334 1.039 1.512
0.681 1.793 1.073
-0.394 1.561 1.951
0.381 1.813 1.213
0.238 1.687 1.783
-0.913 1.199 1.087
1.518 0.518 -0.783
-1.532 0.716 -1.378
1.343 0.725 1.523
-2.238 1.484 -1.470
-1.929 2.217 2.649
-1.552 1.183 2.534
-1.786 1.652 2.167
-1.897 1.919 2.768
-1.175 2.980 -0.106
-1.677 1.094 2.718
-1.784 2.599 0.083
-2.179 0.138 0.497
-0.404 0.760 2.855
-1.138 1.262 -0.157
-1.280 1.742 0.956
-2.029 0.171 2.589
-1.109 1.073 -0.497
-1.457 1.625 -0.956
-0.794 0.545 1.840
0.773 0.333 1.193
-0.539 0.539 0.446
0.137 0.966 0.006
2.138 1.156 2.688
2.048 1.936 2.887
1.207 1.250 1.272
-0.624 2.125 -1.447
1.465 1.086 -0.838
2.142 1.119 0.446
2.142 2.990 0.166
2.210 2.049 0.292
0.139 2.906 0.844
-0.582 2.628 1.535
1.812 1.413 -1.273
-0.802 0.879 -1.259
1.789 2.892 0.479
0.885 1.591 0.900
1.383 2.297 2.857
1.549 2.617 2.174
1.140 2.951 2.889
1.600 2.756 2.026
0.154 1.343 2.825
-1.887 0.982 0.541
0.876 1.785 -0.858
0.685 1.695 0.388
-0.993 1.565 -0.324
-0.996 1.144 -0.857
0.638 1.130 0.126
0.691 1.831 -0.414
1.107 0.291 2.388
0.449 1.412 -0.123
-0.836 1.568 -0.563
-0.521 1.644 -1.328
-0.278 1.429 -1.210
0.855 1.779 2.347
-0.772 1.086 2.150
0.951 1.246 2.256
-0.707 1.071 2.152
-0.625 1.537 2.441
1.188 0.323 -0.355
0.963 1.397 2.778
1.760 0.602 -0.175
-0.605 1.500 2.211
0.569 1.611 2.943
-1.117 0.583 -1.011
1.049 0.563 -0.101
-1.351 1.389 1.855
-1.853 1.870 1.761
-1.440 1.989 1.776
-1.784 2.053 1.085
-1.786 2.039 1.404
0.971 0.352 2.715
1.062 2.561 -1.149
-1.825 1.038 -0.507
-1.288 2.829 1.722
-0.836 0.842 1.225
-0.628 0.633 1.582
-0.569 0.742 1.670
0.521 0.313 1.289
-0.432 0.215 1.653
-0.163 0.429 1.450
0.748 0.709 1.266
-0.080 0.409 0.221
0.473 0.549 0.908
0.709 0.390 -0.971
0.570 0.035 0.348
-0.330 0.793 0.626
-0.444 0.840 0.860
-0.514 0.090 0.525
1.925 1.853 0.021
1.561 1.914 0.268
1.605 1.742 -0.106
1.911 1.856 2.554
1.712 1.414 2.889
1.320 1.676 2.322
2.129 1.916 -1.171
-0.057 2.059 -0.872
-0.075 2.286 0.259
-0.274 2.732 -0.076
-0.142 2.161 0.107
0.486 2.378 0.104
0.622 2.672 -0.682
-0.299 0.752 -1.001
-0.588 2.140 2.734
0.976 2.377 2.861
0.220 2.582 2.586
0.826 2.180 2.253
-0.954 2.366 2.192
-1.228 1.116 -1.468
2.138 0.063 1.642
-2.113 2.549 2.818
-2.198 2.494 2.760
-2.089 1.011 0.131
-2.231 1.202 0.634
-2.013 1.414 0.645
-1.359 0.715 -0.401
-1.645 0.416 0.332
1.819 0.689 -1.371
-1.326 0.870 1.973
0.397 1.969 -0.856
1.370 0.441 2.290
0.746 1.013 1.985
-0.726 1.597 1.176
0.986 1.547 1.926
-0.932 1.199 1.328
-0.141 1.148 1.603
1.878 0.065 -0.667
-2.127 1.412 -1.069
-1.061 2.885 2.397
-1.615 2.075 2.013
-1.569 2.262 2.550
-1.009 2.702 2.013
-1.033 2.197 2.767
-1.571 1.381 2.975
-1.386 1.340 2.028
-1.901 2.340 0.239
-1.325 2.303 -0.192
-1.286 2.533 0.181
-1.719 1.637 -0.165
-1.823 1.995 0.011
-1.644 1.380 -0.048
-1.369 1.521 0.843
-1.392 1.712 0.545
0.044 0.072 1.384
0.007 0.984 1.785
-0.511 0.509 1.326
-0.096 0.671 1.417
0.131 0.131 1.328
-0.481 0.883 0.980
-0.468 0.338 -0.206
0.655 0.197 -0.960
0.856 0.846 0.367
1.598 1.519 1.988
1.166 1.958 1.903
0.631 2.809 -1.111
1.325 1.233 1.289
1.254 1.182 1.306
0.300 2.675 -1.004
2.220 2.440 2.814
2.158 2.054 2.696
2.161 1.874 -0.793
2.221 2.059 -0.436
0.803 2.535 1.852
0.327 2.344 1.971
0.839 2.547 1.526
-0.042 2.780 1.074
-0.124 2.877 1.990
-0.308 2.713 1.905
-0.860 2.018 1.361
-0.671 2.164 -0.811
1.771 1.272 -1.442
0.957 2.003 1.567
0.316 2.234 -0.700
0.271 2.007 2.594
0.940 0.983 -1.167
1.009 2.739 -0.107
1.726 2.466 0.755
1.357 2.497 -0.325
1.024 2.056 0.532
1.230 2.904 0.730
1.700 2.281 0.096
1.782 2.966 0.873
1.098 2.065 0.945
1.569 2.784 0.872
2.008 0.784 2.956
-2.107 2.447 1.318
-2.235 2.398 1.165
-2.170 2.928 1.528
-1.572 0.666 -0.327
-1.032 0.192 0.984
-1.686 0.944 1.137
0.383 1.051 -0.053
-0.290 1.005 -0.317
-0.105 1.008 -0.988
-0.162 1.270 0.306
-1.055 0.936 2.392
0.286 1.908 0.861
1.896 0.250 2.423
0.101 1.624 0.662
0.319 1.674 0.871
0.694 1.152 -1.143
1.612 0.261 -0.413
-0.880 1.622 2.802
-0.892 1.169 2.197
1.874 0.609 0.068
-0.366 1.543 2.999
1.142 0.493 1.594
-1.992 0.744 -1.483
1.079 0.673 1.210
-1.042 1.381 1.734
0.962 0.966 2.455
-0.054 0.290 1.801
0.987 0.082 1.305
0.123 0.604 0.169
0.535 0.815 -0.311
0.174 0.397 -0.862
-0.632 0.296 -0.266
1.057 1.440 0.417
1.401 1.891 0.791
1.334 1.148 0.309
2.040 2.992 1.167
2.021 1.293 1.922
2.066 2.228 -1.172
0.681 2.426 0.671
-0.505 2.904 -0.125
0.413 2.215 -0.244
-0.599 2.704 -0.451
-0.520 2.714 0.820
0.828 2.904 0.548
0.668 2.818 0.547
0.028 2.125 0.876
0.902 2.827 2.827
0.121 0.645 -1.074
-0.743 0.238 -1.208
2.124 0.453 1.503
-1.011 1.200 -1.205
2.012 0.874 -0.813
1.786 2.304 1.229
1.425 2.267 1.163
-2.216 1.609 2.973
-2.217 2.090 0.106
-2.214 2.181 -0.690
-1.624 0.685 -0.149
-1.030 0.220 -0.020
1.625 0.808 2.133
-0.420 1.358 -0.799
-1.252 0.871 2.768
-1.912 0.481 2.393
-1.290 0.826 2.473
-1.922 0.762 2.633
-0.645 1.537 1.559
0.349 1.772 1.213
-0.693 1.741 1.470
0.288 1.489 1.823
0.751 1.526 1.134
-0.057 1.944 1.436
-0.082 1.031 1.035
-0.577 1.017 1.308
1.840 0.819 -0.169
-1.256 0.163 -1.278
-2.121 2.946 -1.466
-1.778 2.580 2.874
-2.075 0.167 1.241
-2.235 0.030 -0.602
-1.016 1.382 2.368
-1.441 2.228 0.899
-1.224 2.284 -0.646
-1.100 2.298 0.702
-1.019 2.992 0.006
2.047 0.115 -1.232
2.134 0.477 -1.078
-1.440 2.995 0.656
-1.619 2.458 0.939
-1.700 2.995 0.652
0.048 0.188 2.036
-1.687 1.682 -0.634
-1.211 1.318 0.585
-1.846 1.306 0.012
-1.813 1.216 0.184
-1.885 1.784 0.241
-0.454 0.473 1.644
0.078 0.763 1.557
-0.377 0.008 1.463
0.233 0.974 -0.734
2.116 1.056 2.410
-0.665 1.629 1.201
0.458 1.754 0.905
0.851 0.657 -1.311
1.634 2.902 -0.415
1.911 2.244 -0.694
-2.134 0.750 -1.045
1.108 2.185 2.979
1.774 2.329 2.655
-1.962 0.478 0.111
-1.763 0.871 1.085
1.482 0.694 -1.444
1.347 0.343 2.356
1.094 0.607 2.939
-0.717 1.488 0.733
0.304 1.577 0.217
0.880 1.087 0.084
0.877 1.598 0.011
0.400 1.138 0.206
0.181 1.345 -0.193
-0.181 1.946 -0.423
-0.810 1.263 -0.408
1.608 0.457 2.946
1.001 0.734 0.242
-0.117 1.856 2.251
0.738 1.295 2.280
0.319 1.390 2.868
-0.871 1.028 2.986
1.181 0.899 -0.659
-0.248 1.176 2.285
-1.099 0.745 -1.236
-1.565 0.924 -1.082
-0.875 1.803 2.588
-0.040 2.953 1.966
-2.165 0.190 -0.514
-1.772 1.014 1.579
-1.790 2.667 1.611
-1.919 2.757 1.352
0.953 0.828 1.079
0.746 0.551 1.784
-0.880 0.100 1.722
0.010 0.728 0.148
-0.737 0.923 -0.293
-0.538 0.562 -0.600
0.658 0.472 -0.008
-0.963 0.405 0.966
-0.134 0.819 -0.771
0.834 0.804 -0.637
-0.578 0.208 -0.469
0.066 0.762 0.522
1.804 1.262 0.535
1.927 1.777 2.447
1.445 1.689 2.417
1.635 1.379 2.691
1.744 1.613 2.204
1.809 1.363 2.161
-0.665 2.831 0.812
0.361 2.140 -0.126
-0.743 2.919 0.194
0.053 2.610 -0.737
-0.734 2.130 -0.601
-0.107 2.595 2.419
0.702 2.201 2.400
-0.635 2.068 2.613
0.847 2.472 2.452
-0.734 2.818 2.718
-1.837 1.952 -1.270
2.060 0.963 0.704
-1.033 2.022 -1.499
-1.087 2.336 -1.087
-2.080 2.491 2.521
-2.052 2.012 2.522
-2.187 1.404 0.766
-2.094 1.905 0.117
-2.186 2.136 -0.383
-1.708 0.560 -0.917
-1.771 0.856 0.089
-1.519 0.384 -0.390
-1.921 0.001 0.402
-1.929 0.147 1.687
1.733 0.246 -1.188
0.774 1.032 1.925
0.750 1.115 1.785
-0.822 1.143 1.495
1.502 0.085 -0.571
-1.458 0.454 -1.391
1.238 0.542 1.075
-1.342 2.037 2.809
-1.709 2.500 2.038
-1.385 2.334 2.553
-1.628 1.768 2.283
-1.221 1.868 2.216
-1.463 1.313 2.412
-1.602 2.889 0.420
-1.046 2.036 0.977
-1.438 2.160 0.548
-1.999 2.974 -0.001
-2.022 0.935 2.665
-1.287 1.799 0.329
-1.638 1.385 0.294
-1.715 1.727 0.101
-0.345 0.857 1.909
-0.438 0.015 1.591
0.936 0.544 1.755
-0.212 0.788 0.404
1.556 1.839 1.052
1.772 1.338 1.844
1.556 1.544 1.430
1.539 1.287 1.353
-0.302 2.947 -1.255
-0.019 2.832 -1.420
1.366 1.798 1.882
1.436 1.563 1.594
2.054 2.555 0.286
-0.129 2.866 1.819
-0.331 2.915 1.064
-0.329 2.785 1.566
-0.267 2.228 1.832
1.654 2.350 -0.454
1.502 2.079 0.412
1.587 2.617 0.901
2.165 0.712 2.967
0.854 1.905 2.329
-2.097 1.891 1.107
-2.092 1.611 1.643
-2.029 2.337 -0.601
-2.083 2.545 -0.849
-1.920 0.443 -0.794
1.033 0.925 -1.071
0.681 1.352 -0.581
-0.786 1.430 0.427
-0.007 1.689 0.164
0.468 1.329 0.280
1.951 0.933 2.829
0.912 1.861 -0.209
0.836 1.292 0.649
0.501 1.196 -0.872
-0.224 1.914 -0.720
-0.385 1.073 -1.114
-0.734 1.454 -1.140
1.620 0.049 0.042
1.344 0.381 -0.769
1.470 0.237 0.802
-0.381 1.279 2.562
-0.411 1.088 2.510
-0.799 1.573 2.097
-1.525 0.675 -1.341
-2.085 0.649 -0.602
-1.889 1.263 1.985
-1.273 1.935 1.634
-1.992 2.775 1.031
1.422 2.539 -1.261
0.419 0.869 2.155
-1.566 2.032 1.784
0.370 0.155 2.361
-0.745 0.936 -0.899
-0.988 0.843 -0.977
-0.146 0.239 0.430
0.851 0.738 0.687
-0.468 0.960 0.204
0.211 0.239 -0.732
0.117 0.689 -0.095
1.114 1.668 -0.287
1.049 1.287 -0.346
1.272 1.789 -0.130
1.954 1.905 -0.538
1.445 1.456 0.701
2.007 1.581 -1.150
0.442 2.450 -0.736
0.908 2.202 0.923
-0.689 2.405 0.593
0.224 2.447 -0.807
0.181 2.045 0.856
0.621 2.945 0.365
-0.482 2.559 0.132
-0.953 2.025 -0.465
-0.797 3.000 0.322
-0.778 0.594 -1.171
-1.554 1.307 -1.268
2.042 0.567 -0.840
-1.308 2.774 -1.238
1.185 2.104 1.108
1.401 2.274 1.782
-1.218 2.143 -1.459
1.339 2.060 1.421
1.825 2.339 1.066
1.159 2.631 1.424
-2.024 1.843 0.465
-2.008 2.757 -0.759
-1.673 0.757 0.337
-1.002 0.462 -0.386
-0.611 1.400 -0.825
-0.562 1.763 -0.757
-1.517 0.731 2.636
-1.689 0.154 2.839
-1.583 0.076 2.098
-1.840 0.995 2.671
1.915 0.340 2.075
0.677 1.607 1.691
0.437 1.636 1.080
0.876 1.143 1.516
-0.642 1.683 1.359
-1.848 0.997 2.597
-0.049 1.947 1.342
-1.759 0.876 -1.065
-2.146 1.497 -1.155
-1.633 1.339 2.220
-1.046 2.544 0.217
-1.671 2.335 -0.118
-1.229 2.860 -0.877
-1.936 2.696 0.508
0.923 0.629 2.041
-1.046 1.694 0.893
-1.916 1.008 -0.511
-1.760 1.228 0.861
-1.961 1.610 0.446
0.479 0.636 1.043
-0.674 0.221 1.952
0.893 0.939 -0.973
0.816 0.652 0.486
0.608 0.601 -0.707
2.088 1.897 2.922
0.979 1.939 0.132
1.844 1.283 1.999
0.301 2.583 -1.355
2.116 1.113 -0.010
2.218 2.841 0.946
1.535 1.857 -1.128
1.705 1.187 -1.372
1.399 1.028 -1.404
1.449 1.945 -1.327
-0.502 2.102 -0.794
0.368 0.019 -1.106
0.032 0.967 -1.357
2.081 0.202 1.064
1.686 2.442 -0.304
1.417 2.490 2.476
1.657 2.435 2.184
1.122 2.193 2.223
2.003 0.319 2.990
1.303 2.915 2.600
1.885 2.299 2.694
-1.413 0.680 0.203
-1.215 0.324 1.510
1.231 0.463 -1.408
0.065 1.440 0.092
-0.880 1.469 0.579
0.387 1.301 -0.984
-1.759 0.870 2.281
0.143 1.471 0.909
-0.812 1.255 0.369
-1.231 0.117 2.006
0.214 1.117 0.251
-0.217 1.544 -0.692
0.777 1.412 -1.415
0.547 1.246 -1.324
0.841 1.645 2.708
0.865 1.552 2.260
-0.071 1.735 2.160
0.331 1.651 2.878
1.829 0.826 0.928
0.172 1.402 2.390
-1.514 0.981 -1.418
-1.838 1.208 1.206
-1.264 1.071 1.063
-1.883 1.725 1.861
1.259 2.390 -1.432
-1.728 1.592 1.963
-0.113 0.250 2.153
-0.094 0.557 2.264
-1.342 1.845 1.617
-1.013 2.304 1.067
-1.865 2.483 1.506
0.641 0.049 1.726
0.131 0.490 -0.538
0.422 0.552 -0.959
0.719 0.987 -0.431
-0.057 0.638 0.589
1.907 1.666 0.051
1.621 1.029 -0.159
1.833 1.259 0.048
1.230 1.730 -0.106
0.600 1.935 0.951
2.243 1.461 1.299
1.388 1.039 2.779
1.881 1.328 2.332
1.380 1.320 2.877
-0.083 2.989 -0.834
0.287 2.102 -0.626
-0.756 2.951 -0.013
0.905 2.490 -0.774
1.247 0.069 2.514
0.948 0.644 -1.113
0.703 2.125 2.372
-0.240 2.997 2.718
-0.660 2.885 2.716
0.642 2.962 2.599
0.373 2.151 2.013
-0.314 2.488 2.880
0.152 2.553 2.122
-0.089 2.731 2.367
0.854 2.399 2.597
2.201 0.753 1.203
-1.673 1.113 -1.063
-1.748 2.942 -1.329
2.226 0.822 2.025
-2.025 1.667 2.577
-2.065 2.380 2.134
-2.114 1.598 0.193
-1.564 0.800 -0.547
1.608 0.833 -1.313
-1.827 0.639 1.186
-1.017 0.368 2.466
-0.048 1.299 1.683
0.707 1.534 1.948
-0.274 1.402 1.523
-0.671 1.599 1.592
0.812 1.942 1.499
1.175 0.940 0.377
1.592 0.564 1.409
-2.191 2.727 -1.214
-2.151 2.206 -1.244
-1.260 2.092 2.302
-1.130 2.656 2.805
-1.784 2.932 2.731
-1.669 2.786 2.402
-1.458 2.810 2.180
-1.928 1.887 2.477
-1.167 2.288 0.252
0.345 0.719 2.379
-0.322 0.666 2.497
-1.622 1.370 0.770
-1.512 1.116 0.023
-1.591 1.716 -0.038
-1.585 1.343 0.209
-1.681 1.562 -0.484
-1.025 1.250 0.808
-0.862 0.261 -0.811
0.857 0.565 0.785
-0.542 0.539 -0.114
2.127 1.884 2.571
-0.523 0.638 -0.834
0.499 0.143 -0.529
1.392 1.085 1.380
1.407 1.029 1.376
-0.794 2.061 -1.291
1.015 1.833 1.770
1.362 1.867 1.729
2.046 2.464 2.879
2.136 2.675 2.724
2.017 2.873 2.960
2.121 1.183 0.777
0.905 1.564 -0.753
-0.304 2.845 -0.120
